0.003926990816987242,nan,nan
0.0058904862254808635,nan,nan
0.007853981633974483,nan,nan
0.009817477042468105,nan,nan
0.011780972450961727,nan,nan
0.013744467859455347,nan,nan
0.015707963267948967,nan,nan
0.01767145867644259,nan,nan
0.01963495408493621,nan,nan
0.02159844949342983,nan,nan
0.023561944901923454,nan,nan
0.025525440310417077,nan,nan
0.027488935718910694,nan,nan
0.029452431127404314,nan,nan
0.031415926535897934,nan,nan
0.03337942194439156,nan,nan
0.03534291735288518,nan,nan
0.0373064127613788,nan,nan
0.03926990816987242,nan,nan
0.041233403578366044,nan,nan
0.04319689898685966,nan,nan
0.045160394395353284,nan,nan
0.04712388980384691,nan,nan
0.04908738521234053,nan,nan
0.051050880620834155,nan,nan
0.053014376029327764,nan,nan
0.05497787143782139,nan,nan
0.05694136684631501,nan,nan
0.05890486225480863,nan,nan
0.06086835766330225,nan,nan
0.06283185307179587,nan,nan
0.06479534848028949,nan,nan
0.06675884388878311,nan,nan
0.06872233929727674,nan,nan
0.07068583470577036,nan,nan
0.07264933011426399,nan,nan
0.0746128255227576,nan,nan
0.07657632093125122,nan,nan
0.07853981633974484,nan,nan
0.08050331174823845,nan,nan
0.08246680715673209,nan,nan
0.0844303025652257,nan,nan
0.08639379797371932,nan,nan
